    6  32118      4      3  32125
    11  32987      2      1  32990
     6  34187      2      2  34191
     6  37604      1      2  37607
     6  37681      2      2  37685
     7  36300      2      1  36303
     6  37157      2      2  37161
     6  37605      2      1  37608
     6  38489      2      2  38493
     7  38717      1      2  38720
     6  38725      2      1  38728
     7  38791      2      1  38794
     7  38560      1      2  38563

     6  26058      2      1  26061
     6  24546      2      1  24549
     5  25211      1      2  25214
     5  25077      2      1  25080
     7  27773      3      1  27777
     7  26465      2      2  26469
     6  25540      2      1  25543
     6  25809      1      2  25812
     6  26866      8      4  26878
    16  25421      2      2  25425
     8  25674      2      1  25677
     6  25070      2      2  25074

     6  30192     56      2  30250
     6  31005     55      2  31062
     6  28021     34      2  28057
     7  28911    243     22  29176
    28  27824     27      3  27854
     6  27591     32      1  27624
     7  27748     41      1  27790
     7  28373     72      2  28447
     7  27994     64      2  28060
     7  30072     56      2  30130
    22  28276     91      2  28369
    18  28490     61      2  28553
     7  28587    115      4  28706
    15  27294     28      1  27323

    45  24847      2      1  24850
    99  24686      2      1  24689
    44  26907      2      2  26911
    80  26874      1      2  26877
    36  26510      1      2  26513
    76  24430      4      3  24437
   181  26159      1      2  26162
    62  25246      2      2  25250
    67  24559      1      2  24562
    65  24977      2      2  24981
    74  25282      1      2  25285
    40  26373      2      2  26377
   105  24735      5      3  24743

    89  39779      2      1  39782
    56  39045      2      2  39049
    83  38984      2      1  38987
    53  37809      2      2  37813
    78  37470      2      2  37474
    66  37408      1      2  37411
    55  36935      2      1  36938
    63  36524      2      1  36527
    62  35874      2      1  35877
    61  35472      1      2  35475
    54  35507      2      1  35510
    64  34117      2      1  34120
    40  35996      2      2  36000